real_comp_matrix = 
[[1 0 0 ... 1 0 1]
 [1 1 1 ... 1 1 1]
 [0 1 0 ... 1 1 0]
 ...
 [0 1 1 ... 0 1 1]
 [1 0 0 ... 1 1 0]
 [1 0 0 ... 1 0 1]]

inv_real_comp_matrix = 
[[-0.58481514  0.49891286  0.75041847 ...  0.22460777 -0.44192228
   0.16932398]
 [-0.38053125  0.53501736  0.91868952 ...  0.19831793 -0.33401735
  -0.07104256]
 [ 0.90275565 -0.38197868 -1.13145335 ... -0.27823669  0.3581164
  -0.05903548]
 ...
 [-0.29483793  0.44342635  0.55141227 ...  0.17064164 -0.15281092
   0.13201455]
 [-0.03300823  0.7096562   1.08904926 ...  0.43811572  0.01737725
   0.0460001 ]
 [-0.09981962 -0.18333623 -0.01970115 ... -0.03624636  0.07713767
  -0.07779392]]

tmp = 
[[ 2.93715704e+00]
 [ 3.10108723e+00]
 [-3.40753401e+00]
 [-2.46836571e+00]
 [ 1.68060477e+00]
 [ 3.20331517e-03]
 [-5.08483502e+00]
 [-3.27917918e+00]
 [ 6.60165421e-01]
 [ 6.50412229e+00]
 [ 4.57806175e+00]
 [ 1.03251085e+00]
 [-1.84853989e+00]
 [-5.17692299e+00]
 [ 1.69559337e+00]
 [-1.12098096e+00]
 [ 9.46725155e-02]
 [ 1.02286816e+00]
 [-4.38427345e+00]
 [ 5.27255758e+00]
 [-4.66688762e+00]
 [-7.12726304e-01]
 [ 1.85887343e-01]
 [ 2.12069203e+00]
 [-6.05517587e+00]
 [ 1.19996714e+00]
 [-5.33235028e+00]
 [ 2.04966987e+00]
 [ 1.97095487e+00]
 [-3.05175782e+00]
 [ 5.69726613e+00]
 [ 5.12724273e-01]
 [-2.36626713e+00]
 [-1.43573524e+00]
 [-2.28255750e+00]
 [ 2.39755899e+00]
 [ 2.45077876e+00]
 [ 1.86232671e+00]
 [ 7.59109999e-01]
 [-5.03380596e+00]
 [ 1.71114702e+00]
 [ 1.27450153e+00]
 [ 9.10849217e-01]
 [ 2.90227926e+00]
 [ 4.65070675e-01]
 [ 1.11073094e+00]
 [ 7.16690510e+00]
 [ 1.14798573e+00]
 [-5.35086281e+00]
 [-3.25432978e+00]
 [-4.13885578e-01]
 [ 7.09255312e+00]
 [-8.36854741e+00]
 [ 2.27987785e+00]
 [ 6.69934185e-01]
 [-1.60031441e+00]
 [ 2.39286032e+00]
 [-8.17438317e+00]
 [ 2.73903777e-01]
 [ 9.46870685e-01]
 [-2.54085580e+00]
 [ 2.40296430e+00]
 [ 4.69273030e+00]
 [-3.86547581e-01]]

init_state = 
[1, 1, 0, 0, 1, 1, 0, 0, 1, 1, 1, 1, 0, 0, 1, 0, 1, 1, 0, 1, 0, 0, 1, 1, 0, 1, 0, 1, 1, 0, 1, 1, 0, 0, 0, 1, 1, 1, 1, 0, 1, 1, 1, 1, 1, 1, 1, 1, 0, 0, 0, 1, 0, 1, 1, 0, 1, 0, 1, 1, 0, 1, 1, 0]

output[256:] = 
[1, 1, 1, 0, 0, 0, 1, 1, 1, 0, 1, 1, 0, 1, 1, 1, 1, 0, 1, 1, 0, 0, 0, 1, 0, 1, 0, 1, 1, 0, 0, 1, 1, 1, 0, 1, 0, 1, 0, 0, 1, 1, 0, 0, 1, 1, 0, 1, 1, 0, 0, 0, 0, 1, 1, 1, 0, 1, 1, 0, 0, 1, 0, 1]

verify_state = 
[1, 1, 1, 0, 0, 0, 0, 1, 0, 1, 0, 1, 0, 1, 1, 1, 0, 0, 0, 1, 0, 1, 0, 0, 0, 1, 0, 0, 1, 0, 1, 1, 1, 0, 0, 0, 0, 0, 0, 0, 0, 0, 0, 1, 0, 0, 0, 0, 1, 0, 1, 0, 0, 0, 0, 0, 1, 0, 0, 1, 1, 1, 0, 0]